0 0 0
0 0 0
0 0 0
0 0 0
0 0 0
0 0 0
0 0 0
0 0 0
0 0 0
0 0 0.00016
0.00016 0.00024 0.00016
0.00024 0.00024 0.00064
0.00048 0.00072 0.00096
0.00152 0.00176 0.00408
0.00456 0.0048 0.0064
0.00728 0.008 0.01024
0.01144 0.01296 0.01344
0.01664 0.01976 0.01992
0.02608 0.0288 0.03096
0.03656 0.03912 0.04136
0.05192 0.05376 0.0512
0.07024 0.06888 0.0708
0.0872 0.08088 0.08144
0.094 0.09048 0.08488
0.09584 0.09464 0.0872
0.09856 0.09264 0.08992
0.0892 0.08904 0.08184
0.0832 0.07888 0.07728
0.068 0.06568 0.0664
0.05144 0.05208 0.05264
0.03592 0.03912 0.0416
0.0272 0.02944 0.02936
0.01824 0.01992 0.0216
0.01112 0.01248 0.0152
0.0056 0.008 0.00936
0.00432 0.00424 0.0044
0.00184 0.00208 0.00368
0.00064 8e-04 0.00184
0.00048 0.00048 0.00056
8e-05 8e-05 4e-04
0 0 8e-05
0 0 0
0 0 0
0 0 0
0 0 0
0 0 0
0 0 0
0 0 0
0 0 0
0 0 0
